MY_ACCOUNT_ID = 0.0.49054569
MY_PUBLIC_KEY = 302a300506032b6570032100b6efd11c9abeaeb63fa0f19b19a6fc4ffecbf2c1d2ec4b50ef4884f95e1767d4
MY_PRIVATE_KEY = 302e020100300506032b65700422042070e5de49a6edfcb9bb6773d900724aa10604bad91dbd1bc80a0ceaf8ddf5c760

TREASURY_ID = 0.0.49078078
TREASURY_PBKEY = 302a300506032b65700321002c2251ad8b30d9d32258a237258cba7d0a37df2364786bca26a686b48c2b10b8
TREASURY_PVKEY = 302e020100300506032b657004220420ef754ea79c876e41004e257d4006504b6af1f073832f224e7bff6fa43a8e0537

ALICE_ID = 0.0.49078084
ALICE_PBKEY = 302a300506032b657003210048bb95abed7a946bdc41a78e444ff91aba524b942853ba6e6ce3c28072cc6697
ALICE_PVKEY = 302e020100300506032b6570042204208faf83cfd7c1971192057bf1b5294f8abd7a849d49620844ed6b2ac94da9c6b9

BEN_ID = 0.0.49084131
BEN_PVKEY = 302e020100300506032b6570042204201694809422318f98ce3a6fb7e149e949a9f6355eee1aea43602fd19beefcc96c

SUPPLY_PBKEY = 302a300506032b6570032100400e178cf9d9f43b807f8d9470aa43e88e85a31f6e727610341ba81a45230a7b
SUPPLY_PVKEY = 302e020100300506032b65700422042008bb97b4fb8fc98c16666715e029f93f076129f33aea676b3b34c7c2cfb4fe44
